0 0.453261 0.581154 0.051709 0.10589 2
0 0.250369 0.317786 0.0200177 0.102337 3
0 0.581487 0.387457 0.0306899 0.0875786 5
0 0.195985 0.302543 0.0217525 0.0935948 8
0 0.127691 0.604043 0.0330685 0.134863 10
0 0.539717 0.417281 0.0286862 0.104105 11
0 0.723377 0.590028 0.0389629 0.13614 4
0 0.401832 0.220209 0.0201339 0.0712054 12
0 0.826351 0.276304 0.0257925 0.0864984 14
0 0.194109 0.716152 0.0432613 0.150946 15
0 0.385789 0.416464 0.0217385 0.109902 9
0 0.770429 0.531501 0.0404453 0.129942 18
0 0.513004 0.538382 0.0396142 0.101466 19
0 0.919688 0.489978 0.0263566 0.104813 20
