0 0.238108 0.585697 0.0429308 0.13373 2
0 0.0851395 0.397532 0.0297773 0.110734 11
0 0.716483 0.524393 0.0314609 0.140101 18
0 0.32661 0.385166 0.0302217 0.106951 19
0 0.515656 0.382713 0.0292483 0.0855716 23
0 0.398328 0.486501 0.0302956 0.111878 20
0 0.830594 0.376618 0.0311577 0.122362 25
0 0.912501 0.434311 0.0346995 0.112619 26
0 0.0268782 0.232873 0.0288277 0.0864004 27
0 0.256886 0.393608 0.0268254 0.107823 5
0 0.526831 0.43756 0.0496673 0.117702 30
0 0.772812 0.355541 0.0342921 0.116783 33
0 0.515469 0.290968 0.0332107 0.0926164 14
