0 0.23925 0.582044 0.0494156 0.132426 2
0 0.0892307 0.398455 0.0402509 0.113297 11
0 0.711688 0.523938 0.0326229 0.138716 18
0 0.335596 0.389323 0.0251496 0.104905 19
0 0.531073 0.373546 0.0256205 0.0735077 23
0 0.403546 0.48289 0.0308722 0.119447 20
0 0.836829 0.378759 0.0255025 0.116079 25
0 0.915557 0.434314 0.0295823 0.113116 26
0 0.0381852 0.230878 0.0256201 0.0796539 27
0 0.262854 0.393406 0.0244003 0.107463 5
0 0.528232 0.445801 0.0403397 0.124661 30
0 0.776363 0.358902 0.0431676 0.114918 33
0 0.521572 0.29149 0.0285136 0.0919299 14
