0 0.287316 0.583572 0.0426423 0.139862 2
0 0.133299 0.404627 0.0387286 0.119332 11
0 0.552409 0.290849 0.0331651 0.0936606 14
0 0.681814 0.534672 0.0288893 0.130564 18
0 0.386114 0.42412 0.0225141 0.114655 19
0 0.663628 0.384862 0.0308051 0.0985567 23
0 0.452056 0.495067 0.0246951 0.122785 20
0 0.868079 0.378079 0.0222287 0.113981 25
0 0.937374 0.425922 0.0410282 0.115428 26
0 0.105464 0.227756 0.0254397 0.0789839 27
0 0.298182 0.394207 0.0276287 0.109144 5
0 0.507623 0.468077 0.038735 0.120614 30
0 0.836024 0.359916 0.0369987 0.117346 33
