0 0.0561378 0.590281 0.0355676 0.138859 2
0 0.63829 0.486951 0.0567689 0.139157 18
0 0.0775358 0.335349 0.0229738 0.0859232 19
0 0.146605 0.418219 0.047272 0.102241 23
0 0.184464 0.453669 0.0328603 0.115819 20
0 0.619739 0.364034 0.0343834 0.106537 25
0 0.754357 0.424177 0.0362341 0.111358 26
0 0.0383072 0.387942 0.0279524 0.0795006 5
0 0.405135 0.402375 0.0417564 0.11526 30
0 0.559566 0.358733 0.0496403 0.0992902 33
0 0.318311 0.293617 0.0294596 0.0928678 14
0 0.914133 0.598168 0.0541582 0.133617 37
