0 0.410348 0.587653 0.0401061 0.136518 2
0 0.432135 0.386816 0.027451 0.106236 5
0 0.329229 0.413993 0.0304731 0.106307 11
0 0.550999 0.507326 0.0498703 0.104697 4
0 0.119206 0.209422 0.0229758 0.0797525 12
0 0.684321 0.273795 0.0323432 0.0862165 14
0 0.0109476 0.714015 0.0218952 0.148407 15
0 0.107646 0.422195 0.0228508 0.120894 9
0 0.692203 0.554043 0.0513706 0.13432 18
0 0.494986 0.498294 0.0246691 0.112541 19
0 0.934284 0.393648 0.0362447 0.10011 23
0 0.652104 0.492726 0.0275525 0.092709 20
