0 0.440663 0.581209 0.0466001 0.131834 2
0 0.088643 0.322019 0.0238924 0.109124 3
0 0.504777 0.390074 0.0350987 0.0960735 5
0 0.0354196 0.302564 0.0217369 0.0930651 8
0 0.0222802 0.595664 0.0445605 0.13816 10
0 0.426313 0.421592 0.0327852 0.0940238 11
0 0.636667 0.550956 0.0373396 0.119765 4
0 0.265762 0.214782 0.0260694 0.0750398 12
0 0.76171 0.275247 0.0203028 0.085171 14
0 0.0999351 0.719316 0.0463591 0.164395 15
0 0.249521 0.417345 0.0194146 0.117162 9
0 0.727351 0.550808 0.0470385 0.134837 18
0 0.510097 0.508497 0.0250467 0.102604 19
0 0.780374 0.49526 0.0287902 0.0962275 20
