0 0.52351 0.622376 0.0367022 0.124963 2
0 0.510325 0.282503 0.019298 0.0950335 3
0 0.776534 0.336931 0.0219928 0.0919387 5
0 0.176143 0.43901 0.0218353 0.121803 6
0 0.458836 0.277315 0.0220437 0.0869212 8
0 0.370042 0.632078 0.0257376 0.131821 10
0 0.715187 0.381264 0.0223264 0.107972 11
0 0.802423 0.582369 0.0416247 0.120887 4
0 0.621585 0.189895 0.0151758 0.0710041 12
0 0.923143 0.245428 0.030563 0.0811736 14
0 0.339471 0.689045 0.0442985 0.136281 15
0 0.640593 0.357543 0.0283178 0.0949943 9
0 0.947213 0.464021 0.0306744 0.115092 18
0 0.496347 0.602002 0.0287799 0.108988 19
