0 0.451901 0.585549 0.0377671 0.0971307 2
0 0.342467 0.309173 0.0219517 0.103358 3
0 0.629058 0.376957 0.0224653 0.0796493 5
0 0.0141292 0.470211 0.0282583 0.121145 6
0 0.286904 0.302513 0.0196588 0.0889601 8
0 0.190587 0.610226 0.0393273 0.13151 10
0 0.602018 0.411085 0.0293364 0.101897 11
0 0.749974 0.594462 0.0479632 0.135876 4
0 0.478741 0.213801 0.0188213 0.0739429 12
0 0.84804 0.275108 0.0310959 0.071313 14
0 0.241557 0.713352 0.0502829 0.148491 15
0 0.46393 0.399581 0.0234497 0.105895 9
0 0.796091 0.512443 0.037238 0.108621 18
0 0.505112 0.552613 0.0334072 0.112391 19
