0 0.225526 0.583078 0.0433626 0.136937 2
0 0.0710006 0.39045 0.0384765 0.117118 11
0 0.721343 0.523006 0.0491588 0.136783 18
0 0.311301 0.378501 0.0245799 0.103219 19
0 0.476317 0.381148 0.0341787 0.0823375 23
0 0.381176 0.476747 0.0424436 0.118236 20
0 0.817089 0.377282 0.0276609 0.120333 25
0 0.905002 0.431095 0.0434526 0.121631 26
0 0.00718459 0.232673 0.0143692 0.0747297 27
0 0.23862 0.38907 0.0431812 0.107806 5
0 0.533694 0.435625 0.0335595 0.12923 30
0 0.754527 0.354673 0.0245812 0.115746 33
0 0.504987 0.290748 0.0276042 0.0928986 14
