0 0.468661 0.594528 0.0455326 0.104785 2
0 0.443757 0.295741 0.0184171 0.0972047 3
0 0.712905 0.356458 0.0211546 0.093097 5
0 0.109387 0.451148 0.0208429 0.121935 6
0 0.389271 0.291765 0.0192365 0.0861601 8
0 0.288102 0.615571 0.0310448 0.134556 10
0 0.670172 0.39669 0.0231159 0.101249 11
0 0.779689 0.596792 0.0313294 0.127892 4
0 0.561642 0.203815 0.0165296 0.0710379 12
0 0.881782 0.266585 0.0319111 0.0696791 14
0 0.293317 0.699647 0.0490834 0.141961 15
0 0.560811 0.379823 0.0221791 0.0940201 9
0 0.865234 0.488735 0.0266053 0.12279 18
0 0.501816 0.578538 0.0279108 0.103704 19
