0 0.45583 0.58856 0.0516926 0.10121 2
0 0.390258 0.305123 0.0206708 0.100334 3
0 0.664312 0.367609 0.0244931 0.0893593 5
0 0.0580173 0.460695 0.0211946 0.121524 6
0 0.335754 0.299985 0.0178527 0.0872764 8
0 0.231865 0.61698 0.0368997 0.132064 10
0 0.637426 0.405854 0.0246783 0.10157 11
0 0.760052 0.596452 0.0436039 0.129268 4
0 0.517434 0.21249 0.0192182 0.0722116 12
0 0.864689 0.273572 0.0299647 0.0709845 14
0 0.273893 0.703021 0.0343698 0.142378 15
0 0.506789 0.393277 0.0228043 0.0975671 9
0 0.816155 0.509994 0.0466255 0.119974 18
0 0.506563 0.56128 0.0303638 0.10028 19
