0 0.443261 0.584332 0.0393281 0.133069 2
0 0.100529 0.322262 0.0239021 0.108608 3
0 0.510503 0.388943 0.0328512 0.0924586 5
0 0.0469396 0.303076 0.0199457 0.0954233 8
0 0.0277426 0.598327 0.048502 0.138089 10
0 0.434613 0.419359 0.0358772 0.0971108 11
0 0.640894 0.557352 0.0389506 0.119632 4
0 0.276408 0.216191 0.0268975 0.0755445 12
0 0.76685 0.276096 0.0209203 0.0855888 14
0 0.108777 0.72071 0.0424456 0.165193 15
0 0.258813 0.416794 0.0217793 0.115635 9
0 0.732039 0.550874 0.0421277 0.134033 18
0 0.510804 0.510195 0.0258046 0.106355 19
0 0.790359 0.494844 0.0285004 0.0950773 20
