0 0.543881 0.643822 0.0438073 0.124057 2
0 0.525181 0.280589 0.0166708 0.0942082 3
0 0.794787 0.334121 0.0188458 0.091338 5
0 0.194734 0.438611 0.0217966 0.120115 6
0 0.472369 0.275617 0.0193937 0.0854821 8
0 0.393036 0.623114 0.0298551 0.134741 10
0 0.71865 0.379902 0.0260295 0.109226 11
0 0.817193 0.574071 0.0396107 0.123951 4
0 0.633095 0.18725 0.0159577 0.0752645 12
0 0.929151 0.243281 0.0253037 0.0801114 14
0 0.351411 0.677831 0.04003 0.140268 15
0 0.661227 0.35255 0.0201848 0.0952851 9
0 0.968489 0.4573 0.0283829 0.112976 18
0 0.49392 0.615483 0.0371869 0.112768 19
