0 0.450727 0.586259 0.0422496 0.124361 2
0 0.145979 0.318722 0.0245715 0.108172 3
0 0.535621 0.388157 0.0193991 0.0797761 5
0 0.0916552 0.303315 0.0169445 0.0969757 8
0 0.0568463 0.602558 0.0422401 0.131449 10
0 0.466388 0.417085 0.026982 0.102004 11
0 0.663869 0.56523 0.0358348 0.120806 4
0 0.315752 0.21671 0.0194599 0.0772791 12
0 0.784337 0.276875 0.0197805 0.0688079 14
0 0.136577 0.72184 0.0436076 0.156819 15
0 0.293846 0.417554 0.0316137 0.114904 9
0 0.745238 0.543771 0.0320616 0.135623 18
0 0.509577 0.515252 0.0426568 0.103638 19
0 0.827943 0.491965 0.029978 0.0946135 20
