0 0.4546 0.591962 0.0499948 0.100789 2
0 0.418203 0.301318 0.0203234 0.0982859 3
0 0.689142 0.359289 0.0216848 0.0903708 5
0 0.0855519 0.457008 0.0186769 0.121516 6
0 0.364779 0.297101 0.0169458 0.0876151 8
0 0.260553 0.625498 0.0349662 0.139138 10
0 0.655438 0.400936 0.0192217 0.104068 11
0 0.769667 0.597719 0.03754 0.128457 4
0 0.540175 0.210421 0.0187616 0.0717833 12
0 0.876501 0.26683 0.0259561 0.056466 14
0 0.282256 0.701831 0.0480997 0.139565 15
0 0.53367 0.386166 0.0251462 0.0971251 9
0 0.836487 0.500142 0.0370648 0.119339 18
0 0.504458 0.571697 0.0317124 0.100657 19
