0 0.444252 0.446877 0.0496669 0.113595 37
0 0.839632 0.393879 0.0331296 0.0754947 42
0 0.413157 0.397192 0.0300946 0.118614 33
0 0.295529 0.48024 0.0307225 0.133926 43
0 0.838214 0.483272 0.0410451 0.153656 18
0 0.260238 0.622608 0.041783 0.162854 44
0 0.597719 0.457588 0.0353711 0.150737 26
0 0.127534 0.540912 0.0473923 0.141967 45
0 0.317045 0.36241 0.0247447 0.129031 46
0 0.533248 0.45523 0.050083 0.141552 47
0 0.0726482 0.461827 0.0262287 0.134962 48
0 0.465963 0.475217 0.0413643 0.0616427 49
