0 0.262344 0.58317 0.0396028 0.133419 2
0 0.113527 0.404903 0.0271845 0.117259 11
0 0.536824 0.290266 0.0319364 0.0945679 14
0 0.700896 0.532016 0.0344431 0.133371 18
0 0.357261 0.403559 0.0268078 0.104677 19
0 0.579091 0.383645 0.0347877 0.102855 23
0 0.424116 0.492035 0.0337122 0.118353 20
0 0.853341 0.380803 0.0252297 0.118631 25
0 0.924622 0.42735 0.0347126 0.114706 26
0 0.0658019 0.231864 0.0263168 0.0857064 27
0 0.27915 0.390871 0.0257469 0.0976754 5
0 0.519154 0.449019 0.0443448 0.117216 30
0 0.809731 0.357218 0.0379145 0.112083 33
