0 0.435186 0.589347 0.0317066 0.137843 2
0 0.0421435 0.321525 0.0264982 0.115488 3
0 0.48714 0.390783 0.0223431 0.0911302 5
0 0.39947 0.431842 0.0278597 0.076698 11
0 0.615634 0.543065 0.030204 0.133161 4
0 0.22771 0.211125 0.017568 0.0739449 12
0 0.737895 0.275667 0.0227669 0.0826702 14
0 0.0733126 0.724066 0.0369754 0.158726 15
0 0.210772 0.419978 0.0286841 0.114409 9
0 0.719804 0.547946 0.0360707 0.136781 18
0 0.508212 0.503159 0.0309623 0.0994744 19
0 0.741112 0.496235 0.0287707 0.0862169 20
