0 0.0861577 0.583621 0.0555061 0.14484 2
0 0.667178 0.497002 0.0332147 0.129275 18
0 0.126441 0.348748 0.0254009 0.102972 19
0 0.207138 0.407151 0.0316755 0.0917438 23
0 0.224896 0.453347 0.043255 0.111832 20
0 0.657341 0.363915 0.0385286 0.0991284 25
0 0.782241 0.426293 0.0508877 0.112689 26
0 0.0819444 0.394351 0.0301207 0.10827 5
0 0.435522 0.408953 0.0407259 0.11536 30
0 0.597495 0.360376 0.037669 0.0992501 33
0 0.354227 0.291441 0.036313 0.0916309 14
0 0.961418 0.615867 0.0494374 0.144279 37
