0 0.490116 0.595721 0.0419063 0.118956 2
0 0.468622 0.291476 0.0225385 0.0947266 3
0 0.73647 0.349755 0.0211203 0.092976 5
0 0.133622 0.449103 0.0263278 0.118308 6
0 0.415244 0.288512 0.0155282 0.0857932 8
0 0.318733 0.586845 0.0249188 0.0902842 10
0 0.686696 0.39504 0.0244713 0.101455 11
0 0.782607 0.594255 0.0400717 0.130576 4
0 0.583273 0.200061 0.0162755 0.0707058 12
0 0.900644 0.256973 0.0208188 0.0847023 14
0 0.309137 0.693232 0.0396502 0.144747 15
0 0.588297 0.371728 0.0234617 0.0987376 9
0 0.889389 0.481957 0.0321778 0.116001 18
