0 0.454822 0.454898 0.0454485 0.0990697 37
0 0.836072 0.39105 0.0289907 0.109246 42
0 0.42026 0.404205 0.0305069 0.11207 33
0 0.288358 0.483856 0.0301178 0.144117 43
0 0.837856 0.479991 0.0381324 0.156001 18
0 0.248426 0.625565 0.0301341 0.160991 44
0 0.596501 0.459574 0.0272582 0.146415 26
0 0.11481 0.544424 0.0355414 0.143867 45
0 0.331128 0.361872 0.0223552 0.12686 46
0 0.541808 0.459702 0.0411199 0.137754 47
0 0.0721266 0.463601 0.0296451 0.131449 48
0 0.480896 0.467648 0.0236898 0.0810186 49
