0 0.303247 0.582949 0.0479815 0.139375 2
0 0.144468 0.409567 0.0342534 0.116958 11
0 0.559356 0.290521 0.0207 0.0919836 14
0 0.667705 0.535208 0.0505469 0.133067 18
0 0.39235 0.425744 0.0250676 0.107704 19
0 0.688577 0.379956 0.0215022 0.0991224 23
0 0.459872 0.495207 0.0275781 0.121472 20
0 0.868869 0.372431 0.0302926 0.112677 25
0 0.937917 0.424424 0.0379914 0.116352 26
0 0.116703 0.225343 0.0262603 0.0761716 27
0 0.299034 0.391758 0.0407578 0.104373 5
0 0.507995 0.467401 0.0259775 0.119733 30
