0 0.268802 0.581876 0.0453167 0.138137 2
0 0.115117 0.406774 0.0419167 0.115508 11
0 0.541545 0.292688 0.0294923 0.0927794 14
0 0.699958 0.533587 0.0307323 0.133192 18
0 0.363957 0.409157 0.0259802 0.105907 19
0 0.595553 0.378056 0.0328503 0.109275 23
0 0.427577 0.491696 0.0371203 0.11771 20
0 0.857721 0.380852 0.0287037 0.115796 25
0 0.923629 0.428921 0.0479332 0.113853 26
0 0.0771887 0.229588 0.0205307 0.0797796 27
0 0.28517 0.393079 0.0239997 0.100835 5
0 0.520914 0.461159 0.0390053 0.124805 30
0 0.815374 0.357303 0.0285544 0.113474 33
