0 0.457669 0.583549 0.0303516 0.0988592 2
0 0.301062 0.313686 0.0222149 0.100529 3
0 0.605578 0.383301 0.0268936 0.0855535 5
0 0.24659 0.302303 0.0224221 0.0922774 8
0 0.16128 0.611467 0.0396587 0.133699 10
0 0.576528 0.410355 0.0193787 0.105365 11
0 0.735183 0.592343 0.032515 0.138416 4
0 0.445166 0.215968 0.0164248 0.0718161 12
0 0.840553 0.276716 0.0248641 0.0750481 14
0 0.224399 0.719056 0.0392594 0.145974 15
0 0.428778 0.408526 0.0227983 0.105386 9
0 0.785232 0.526199 0.0308466 0.122917 18
0 0.514917 0.542924 0.0403403 0.108199 19
0 0.968685 0.486101 0.0289242 0.101495 20
