0 0.30916 0.581768 0.0453127 0.138968 2
0 0.148462 0.409706 0.0280127 0.115013 11
0 0.559642 0.289012 0.0242285 0.0920575 14
0 0.668529 0.537717 0.0475932 0.134732 18
0 0.394155 0.427236 0.0258308 0.106212 19
0 0.699402 0.378708 0.0249736 0.100509 23
0 0.462974 0.495107 0.0272701 0.121467 20
0 0.86974 0.368769 0.0310402 0.113653 25
0 0.939197 0.425039 0.0379095 0.117206 26
0 0.119833 0.225484 0.0281893 0.0766375 27
0 0.301936 0.390263 0.0401093 0.106314 5
0 0.507355 0.465306 0.0269423 0.121218 30
