0 0.452044 0.586295 0.0295451 0.129581 2
0 0.13518 0.318928 0.0244503 0.107018 3
0 0.529419 0.387634 0.0230624 0.0810784 5
0 0.0807715 0.302798 0.0160474 0.0966251 8
0 0.052014 0.601232 0.0437415 0.133119 10
0 0.457422 0.428288 0.028948 0.0811097 11
0 0.661122 0.563487 0.0328364 0.121431 4
0 0.305795 0.216577 0.0216831 0.0752926 12
0 0.780452 0.2713 0.0194538 0.0684517 14
0 0.133535 0.722061 0.0399913 0.1567 15
0 0.28416 0.417439 0.0310494 0.116173 9
0 0.744049 0.547507 0.0256338 0.133061 18
0 0.509071 0.513148 0.0414451 0.104681 19
0 0.818344 0.49279 0.0293611 0.0933614 20
