0 0.45342 0.58435 0.0375475 0.0953368 2
0 0.350743 0.308031 0.0205783 0.104314 3
0 0.63425 0.376727 0.0231793 0.0800008 5
0 0.0203556 0.468694 0.0327971 0.121098 6
0 0.295082 0.301969 0.0192891 0.0901349 8
0 0.197067 0.610746 0.040127 0.133029 10
0 0.607519 0.410658 0.0310876 0.103072 11
0 0.754893 0.595562 0.046232 0.131394 4
0 0.485277 0.214076 0.0187925 0.0740817 12
0 0.851486 0.275423 0.0265178 0.0675788 14
0 0.246524 0.710155 0.0489038 0.147518 15
0 0.472013 0.397849 0.0227687 0.104245 9
0 0.799612 0.513911 0.0374238 0.106136 18
0 0.505353 0.555519 0.0330726 0.115025 19
