0 0.533097 0.630098 0.0370368 0.118052 2
0 0.518385 0.281826 0.0171741 0.0949402 3
0 0.786334 0.335138 0.02064 0.0934685 5
0 0.187165 0.438633 0.0187038 0.121693 6
0 0.465505 0.27638 0.0213596 0.0854795 8
0 0.379854 0.629526 0.0310125 0.141233 10
0 0.717901 0.379399 0.0232729 0.110133 11
0 0.810954 0.576665 0.0384857 0.124515 4
0 0.627829 0.187596 0.0168606 0.0735084 12
0 0.926387 0.244774 0.0280236 0.0808235 14
0 0.346406 0.682359 0.0408561 0.139703 15
0 0.651054 0.353481 0.0254529 0.0995124 9
0 0.959096 0.460451 0.0285891 0.110476 18
0 0.496949 0.608582 0.03618 0.115309 19
