0 0.278352 0.584753 0.0432366 0.145556 2
0 0.122171 0.409027 0.034683 0.11393 11
0 0.547601 0.295692 0.0249631 0.0902646 14
0 0.686177 0.531551 0.057885 0.129076 18
0 0.370089 0.409471 0.0303485 0.0995995 19
0 0.614649 0.377635 0.0314304 0.107463 23
0 0.431715 0.494142 0.040077 0.118112 20
0 0.861791 0.380511 0.0401327 0.120792 25
0 0.928841 0.428023 0.0501363 0.116076 26
0 0.0827381 0.229716 0.0301255 0.0769639 27
0 0.288926 0.389889 0.0277248 0.104829 5
0 0.521525 0.463593 0.0353913 0.119831 30
0 0.821424 0.355207 0.0279496 0.11861 33
