0 0.455175 0.583499 0.0384983 0.0964003 2
0 0.358648 0.308073 0.0205767 0.103901 3
0 0.640242 0.373202 0.0222292 0.0753764 5
0 0.0271515 0.468229 0.0294558 0.120417 6
0 0.303229 0.302281 0.0188232 0.0891007 8
0 0.203373 0.613486 0.0383058 0.138285 10
0 0.613887 0.411021 0.0310371 0.103246 11
0 0.75756 0.596308 0.045786 0.127247 4
0 0.491838 0.213658 0.0195702 0.0728 12
0 0.854691 0.277601 0.0243415 0.0681792 14
0 0.251923 0.708918 0.0448878 0.147941 15
0 0.479311 0.397157 0.0220433 0.104416 9
0 0.802215 0.513242 0.0403973 0.11109 18
0 0.506664 0.557243 0.0306946 0.114508 19
