0 0.447381 0.583369 0.0484859 0.0969388 2
0 0.317735 0.311664 0.0225911 0.101087 3
0 0.614524 0.381028 0.0247225 0.0859781 5
0 0.262248 0.302298 0.0207612 0.0900096 8
0 0.172954 0.612627 0.0375125 0.129683 10
0 0.587192 0.409319 0.0215567 0.102505 11
0 0.741221 0.595263 0.0342398 0.138313 4
0 0.459089 0.215478 0.0160676 0.0713702 12
0 0.843102 0.276416 0.0295578 0.0760026 14
0 0.23069 0.717286 0.0450982 0.143454 15
0 0.442118 0.405622 0.0257339 0.101419 9
0 0.786823 0.51888 0.038154 0.127112 18
0 0.509352 0.548311 0.0352061 0.11405 19
