0 0.245739 0.584378 0.0435532 0.132523 2
0 0.0972299 0.402349 0.0352943 0.120929 11
0 0.701751 0.522984 0.056112 0.137797 18
0 0.343313 0.393009 0.0238947 0.100083 19
0 0.546278 0.37887 0.0261791 0.0828004 23
0 0.407929 0.483108 0.0369997 0.120964 20
0 0.84094 0.379535 0.0331072 0.119569 25
0 0.915503 0.432704 0.0361042 0.114105 26
0 0.0463323 0.231824 0.0254415 0.0814443 27
0 0.26291 0.390245 0.0416138 0.108192 5
0 0.528359 0.452687 0.0268119 0.118869 30
0 0.785966 0.357525 0.0457614 0.112214 33
0 0.528441 0.292474 0.0234782 0.0951116 14
