0 0.560285 0.649231 0.0389698 0.118923 2
0 0.532617 0.27916 0.0201949 0.0936092 3
0 0.803059 0.330466 0.0216979 0.0944602 5
0 0.203625 0.438775 0.0328102 0.120156 6
0 0.479277 0.274075 0.015512 0.0846431 8
0 0.408608 0.627303 0.0278267 0.141843 10
0 0.719287 0.378777 0.0257983 0.109466 11
0 0.825578 0.569896 0.0437639 0.12322 4
0 0.636991 0.186803 0.0163715 0.0730588 12
0 0.931151 0.237745 0.0212759 0.083368 14
0 0.360439 0.672696 0.0438976 0.143968 15
0 0.674581 0.349717 0.0201637 0.0968643 9
0 0.981354 0.453335 0.0342133 0.1165 18
