0 0.385586 0.57837 0.0537853 0.138308 2
0 0.37915 0.387363 0.0377393 0.105639 5
0 0.263185 0.403388 0.0330252 0.118898 11
0 0.511699 0.494227 0.0397728 0.112256 4
0 0.0190584 0.205054 0.0265727 0.0806035 12
0 0.637194 0.276128 0.0232001 0.084835 14
0 0.00929601 0.423045 0.018592 0.122212 9
0 0.672145 0.546084 0.0340928 0.137181 18
0 0.459287 0.481189 0.0293923 0.111925 19
0 0.892806 0.367692 0.0336887 0.126971 23
0 0.579047 0.489311 0.0303216 0.113052 20
0 0.927856 0.341467 0.0337122 0.10664 25
