0 0.243865 0.58481 0.0359211 0.136093 2
0 0.0886122 0.396743 0.0326076 0.11388 11
0 0.714245 0.52483 0.0273853 0.13903 18
0 0.330803 0.387726 0.0284881 0.108935 19
0 0.523018 0.378803 0.0283984 0.0823447 23
0 0.402911 0.483789 0.0266445 0.117745 20
0 0.834191 0.37759 0.0272439 0.116081 25
0 0.91512 0.434456 0.0300986 0.112122 26
0 0.0324252 0.231027 0.025997 0.0816194 27
0 0.259109 0.394336 0.0277831 0.107212 5
0 0.527148 0.44014 0.0446547 0.12089 30
0 0.773907 0.357596 0.0392623 0.113159 33
0 0.517925 0.291198 0.0319825 0.0910366 14
