0 0.473658 0.594981 0.0432318 0.10513 2
0 0.450038 0.294724 0.0188389 0.0973301 3
0 0.718388 0.354946 0.0221946 0.0954016 5
0 0.114908 0.450116 0.0218183 0.121759 6
0 0.395056 0.29054 0.0190023 0.0858306 8
0 0.296348 0.611554 0.0310263 0.137305 10
0 0.674272 0.396712 0.0234005 0.101763 11
0 0.782328 0.59588 0.030327 0.126045 4
0 0.567011 0.20369 0.016238 0.0714263 12
0 0.886438 0.265542 0.029241 0.0726926 14
0 0.298014 0.696568 0.0497818 0.14632 15
0 0.567578 0.378255 0.022786 0.094784 9
0 0.872347 0.487668 0.0253425 0.119081 18
0 0.502117 0.581949 0.0296643 0.109768 19
