0 0.214997 0.58357 0.0397902 0.139676 2
0 0.051289 0.387761 0.0345627 0.124975 11
0 0.735516 0.510819 0.0396415 0.136174 18
0 0.289015 0.362781 0.0222358 0.0967163 19
0 0.446453 0.386803 0.0411035 0.0942123 23
0 0.36447 0.461472 0.0380847 0.118058 20
0 0.794216 0.375939 0.0282164 0.110873 25
0 0.895266 0.429607 0.0317909 0.121597 26
0 0.220611 0.387699 0.0374282 0.113903 5
0 0.532753 0.428887 0.0265283 0.124238 30
0 0.72242 0.355201 0.0411086 0.102228 33
0 0.489789 0.29264 0.0224709 0.0940661 14
