0 0.509415 0.610881 0.0379669 0.124397 2
0 0.495069 0.28571 0.0248597 0.0959931 3
0 0.762566 0.342725 0.0223154 0.0893465 5
0 0.159507 0.44322 0.0244774 0.119451 6
0 0.445558 0.278498 0.019653 0.0877255 8
0 0.350528 0.629986 0.0249175 0.137081 10
0 0.706988 0.386238 0.0218412 0.106623 11
0 0.790778 0.5917 0.0419482 0.122249 4
0 0.60894 0.194647 0.0158416 0.0715425 12
0 0.918851 0.246413 0.0228445 0.0842109 14
0 0.330124 0.688919 0.0476539 0.141973 15
0 0.621739 0.362843 0.0222735 0.0932853 9
0 0.924982 0.470014 0.0337901 0.115541 18
0 0.494338 0.597449 0.03726 0.109623 19
