0 0.273452 0.583993 0.0455162 0.144819 2
0 0.118518 0.408209 0.038245 0.117437 11
0 0.545283 0.29453 0.0263329 0.0899416 14
0 0.695875 0.532509 0.0437729 0.132159 18
0 0.367661 0.409493 0.0273681 0.103323 19
0 0.604736 0.37754 0.032317 0.109131 23
0 0.429076 0.492446 0.0388369 0.11824 20
0 0.858631 0.381413 0.0356498 0.119507 25
0 0.925482 0.427974 0.0498167 0.115363 26
0 0.0796219 0.231269 0.0251886 0.0788759 27
0 0.289201 0.391498 0.0216629 0.103706 5
0 0.522031 0.462451 0.0373228 0.123871 30
0 0.818284 0.356615 0.0277937 0.117932 33
