0 0.454354 0.590954 0.0385366 0.101586 2
0 0.199288 0.31824 0.0216317 0.105547 3
0 0.55396 0.390158 0.0363491 0.088769 5
0 0.145449 0.302653 0.0202797 0.0943538 8
0 0.087791 0.605397 0.0433647 0.139293 10
0 0.498605 0.417725 0.034432 0.0982011 11
0 0.69743 0.581116 0.0319105 0.131362 4
0 0.36075 0.217058 0.0181151 0.0717177 12
0 0.80378 0.275664 0.0291336 0.0781566 14
0 0.166973 0.718594 0.0409032 0.159109 15
0 0.342537 0.416056 0.0279516 0.116184 9
0 0.760745 0.541648 0.0221863 0.129401 18
0 0.512257 0.523625 0.0389242 0.102813 19
0 0.874394 0.492726 0.0275267 0.0923389 20
