0 0.451818 0.584881 0.0438394 0.114482 2
0 0.188713 0.318315 0.0226877 0.107417 3
0 0.54855 0.38824 0.0368605 0.0865369 5
0 0.135068 0.303569 0.0192968 0.0917311 8
0 0.0802019 0.603915 0.0459292 0.138112 10
0 0.491329 0.418818 0.034555 0.0967917 11
0 0.691601 0.579344 0.0289177 0.128785 4
0 0.352351 0.217889 0.0171007 0.0754736 12
0 0.79837 0.274691 0.0321268 0.081646 14
0 0.16026 0.718327 0.0440083 0.161918 15
0 0.332806 0.41731 0.0293389 0.11358 9
0 0.757696 0.541863 0.0303973 0.129571 18
0 0.512582 0.524073 0.0316832 0.103556 19
0 0.864501 0.493854 0.0284129 0.0946281 20
