0 0.554364 0.649101 0.0441228 0.120627 2
0 0.530424 0.27911 0.0190678 0.0955229 3
0 0.800595 0.332417 0.0201311 0.0920148 5
0 0.201508 0.438942 0.0299213 0.120134 6
0 0.477423 0.274924 0.0157509 0.0836411 8
0 0.404088 0.624693 0.0288661 0.141297 10
0 0.719099 0.379638 0.0258989 0.108775 11
0 0.822532 0.572043 0.0433453 0.124143 4
0 0.634811 0.18685 0.0167081 0.0759952 12
0 0.930575 0.23926 0.0222947 0.0820652 14
0 0.356822 0.672597 0.0432573 0.144846 15
0 0.669988 0.3515 0.019795 0.0957325 9
0 0.976895 0.454333 0.0327647 0.117119 18
