0 0.528038 0.626126 0.0364692 0.121001 2
0 0.514372 0.282561 0.017641 0.096166 3
0 0.781151 0.336387 0.021748 0.0919795 5
0 0.183102 0.438335 0.0193603 0.121011 6
0 0.462175 0.276428 0.0214596 0.0863896 8
0 0.375055 0.629128 0.0254199 0.127534 10
0 0.716846 0.379556 0.0226481 0.109753 11
0 0.807251 0.579381 0.0391311 0.121971 4
0 0.62456 0.189076 0.016106 0.0710174 12
0 0.92471 0.245604 0.029304 0.0816049 14
0 0.342776 0.687456 0.0436643 0.134662 15
0 0.645651 0.355686 0.0276513 0.0974421 9
0 0.954024 0.461071 0.0286899 0.109409 18
0 0.497544 0.604395 0.030211 0.111783 19
