0 0.440414 0.580054 0.0540225 0.132616 2
0 0.0766278 0.321793 0.0256962 0.112453 3
0 0.504113 0.390094 0.029008 0.0957352 5
0 0.0243244 0.303355 0.0250193 0.0939213 8
0 0.0181139 0.595904 0.0362278 0.137451 10
0 0.419971 0.42025 0.0310835 0.0972004 11
0 0.633234 0.548151 0.0321655 0.125102 4
0 0.256022 0.2146 0.0237637 0.0737203 12
0 0.754323 0.276113 0.0247923 0.0870856 14
0 0.0922499 0.719861 0.0479232 0.162736 15
0 0.239836 0.418724 0.0195953 0.11748 9
0 0.726703 0.551963 0.0429702 0.133585 18
0 0.509907 0.505984 0.026202 0.098669 19
0 0.77108 0.495681 0.0282165 0.0914412 20
