0 0.458478 0.583892 0.0300017 0.100352 2
0 0.292756 0.314601 0.0230254 0.101331 3
0 0.601301 0.383475 0.0269209 0.0830912 5
0 0.238756 0.302696 0.0227997 0.093659 8
0 0.155726 0.608921 0.0412048 0.138774 10
0 0.570816 0.411381 0.0182246 0.103887 11
0 0.733495 0.591272 0.0308076 0.139345 4
0 0.437817 0.216247 0.0160342 0.0719114 12
0 0.838437 0.273497 0.0245716 0.0737225 14
0 0.220251 0.717519 0.0396866 0.150006 15
0 0.421721 0.410344 0.0208212 0.106519 9
0 0.783104 0.525309 0.032449 0.115844 18
0 0.516949 0.543329 0.0375176 0.106999 19
0 0.961548 0.484988 0.0269379 0.102586 20
