0 0.223478 0.581896 0.0472507 0.136805 2
0 0.0680779 0.390421 0.0419348 0.118423 11
0 0.727604 0.523507 0.0387736 0.137169 18
0 0.308621 0.376996 0.0235337 0.105933 19
0 0.471371 0.379338 0.0339491 0.0842791 23
0 0.380186 0.476818 0.0412564 0.119743 20
0 0.813287 0.377289 0.0288554 0.120935 25
0 0.905767 0.429499 0.0384343 0.125955 26
0 0.00477544 0.230757 0.00955088 0.0748793 27
0 0.241081 0.39 0.0293582 0.105225 5
0 0.532337 0.433481 0.036523 0.133427 30
0 0.750405 0.3554 0.0277204 0.113525 33
0 0.503726 0.291303 0.0255495 0.0937288 14
