0 0.254884 0.58523 0.0348306 0.133351 2
0 0.106539 0.404896 0.0318046 0.117753 11
0 0.530192 0.289917 0.031514 0.0938401 14
0 0.700213 0.525786 0.0459732 0.132446 18
0 0.350845 0.3942 0.0260208 0.101666 19
0 0.562853 0.384859 0.0311174 0.0955097 23
0 0.415645 0.486372 0.0364343 0.119574 20
0 0.848057 0.379216 0.0339034 0.121093 25
0 0.920618 0.428462 0.0353828 0.113379 26
0 0.0548669 0.232372 0.0316732 0.0842958 27
0 0.269681 0.391546 0.0353726 0.108033 5
0 0.522551 0.449617 0.0446761 0.120628 30
0 0.800395 0.357368 0.0444175 0.112737 33
