0 0.551425 0.647762 0.0425076 0.123097 2
0 0.528039 0.280538 0.0174743 0.0949164 3
0 0.7979 0.334381 0.0194041 0.0913365 5
0 0.19806 0.439309 0.0251562 0.119046 6
0 0.475274 0.2752 0.0171776 0.0852933 8
0 0.39846 0.624157 0.0288084 0.139589 10
0 0.719161 0.380107 0.025786 0.107562 11
0 0.820161 0.573272 0.0421842 0.123972 4
0 0.63448 0.187474 0.0155286 0.0739383 12
0 0.929968 0.241276 0.0234026 0.0806783 14
0 0.35496 0.67284 0.0435762 0.146914 15
0 0.665922 0.351828 0.0192627 0.0934519 9
0 0.971976 0.456556 0.0315769 0.117229 18
0 0.488682 0.616246 0.028642 0.109326 19
