0 0.226373 0.580948 0.0328659 0.134957 2
0 0.0645642 0.390514 0.0291436 0.123083 11
0 0.730791 0.520333 0.0406484 0.140854 18
0 0.301043 0.370517 0.0243721 0.106501 19
0 0.464658 0.382829 0.0264669 0.0953119 23
0 0.378619 0.473051 0.0332606 0.12541 20
0 0.805453 0.374983 0.0339329 0.119937 25
0 0.901446 0.427622 0.0411396 0.127333 26
0 0.235009 0.390481 0.0279737 0.110603 5
0 0.530069 0.42662 0.0435893 0.127096 30
0 0.741434 0.355322 0.0409301 0.10938 33
0 0.503346 0.289335 0.021736 0.0916611 14
