0 0.453769 0.581699 0.0498815 0.0984242 2
0 0.375238 0.306475 0.0200139 0.101837 3
0 0.652561 0.370174 0.0238444 0.0823468 5
0 0.0426394 0.463829 0.0257737 0.124401 6
0 0.319413 0.300962 0.0191704 0.0886581 8
0 0.218141 0.614522 0.035877 0.133851 10
0 0.626175 0.409729 0.0287538 0.10249 11
0 0.757965 0.596784 0.0454439 0.129638 4
0 0.505019 0.212461 0.0201362 0.0724285 12
0 0.860089 0.274527 0.0268052 0.0665231 14
0 0.263092 0.706709 0.037016 0.146285 15
0 0.492958 0.394141 0.0220971 0.100336 9
0 0.808223 0.514174 0.0479209 0.117347 18
0 0.508237 0.557634 0.0286055 0.109188 19
