0 0.513371 0.615529 0.038493 0.121608 2
0 0.499756 0.284379 0.0246263 0.0965406 3
0 0.767181 0.341761 0.0226966 0.0904559 5
0 0.164978 0.440653 0.0240542 0.121279 6
0 0.449992 0.278543 0.0187188 0.087315 8
0 0.356995 0.632042 0.0270134 0.133178 10
0 0.709848 0.385226 0.0213302 0.104823 11
0 0.794976 0.588337 0.0406346 0.120966 4
0 0.612997 0.193004 0.0163682 0.0716505 12
0 0.920687 0.247197 0.0265571 0.0843683 14
0 0.33395 0.690005 0.0476724 0.137314 15
0 0.627774 0.361876 0.0233899 0.0919312 9
0 0.932428 0.467431 0.0333275 0.1167 18
0 0.493614 0.600432 0.0334552 0.111656 19
