0 0.26485 0.58185 0.0446089 0.133199 2
0 0.114753 0.404539 0.0356733 0.115841 11
0 0.537751 0.291242 0.032844 0.0942316 14
0 0.702316 0.532621 0.0287197 0.131342 18
0 0.360387 0.407013 0.0283088 0.108474 19
0 0.586822 0.381682 0.0342908 0.10611 23
0 0.426399 0.492306 0.0332759 0.118775 20
0 0.856275 0.380057 0.0257158 0.116892 25
0 0.923021 0.428649 0.0436072 0.113125 26
0 0.0725174 0.231443 0.021711 0.08106 27
0 0.281457 0.393636 0.0270014 0.100467 5
0 0.519777 0.45528 0.0418809 0.122901 30
0 0.812788 0.357264 0.0337342 0.113 33
