0 0.444481 0.584105 0.0442894 0.133653 2
0 0.0650561 0.321438 0.026659 0.114299 3
0 0.500414 0.385247 0.0227582 0.0835646 5
0 0.0139866 0.303085 0.025935 0.0921311 8
0 0.0135909 0.59714 0.0271818 0.136694 10
0 0.415044 0.420322 0.0274901 0.0967838 11
0 0.628034 0.547113 0.0300049 0.126201 4
0 0.246484 0.213563 0.0211773 0.0719834 12
0 0.749631 0.277442 0.0214095 0.0856913 14
0 0.0854459 0.72045 0.0471196 0.159052 15
0 0.230339 0.418896 0.0214475 0.116744 9
0 0.725396 0.55075 0.0388146 0.133495 18
0 0.509269 0.505602 0.0270978 0.098287 19
0 0.761467 0.496765 0.0275189 0.0908388 20
