0 0.285785 0.58537 0.0438748 0.138438 2
0 0.130674 0.405267 0.0367055 0.117301 11
0 0.551087 0.291451 0.0380397 0.0942421 14
0 0.683893 0.536416 0.0293506 0.130098 18
0 0.382601 0.422822 0.0252676 0.117223 19
0 0.655366 0.384879 0.0324352 0.0995843 23
0 0.44846 0.495936 0.026825 0.121439 20
0 0.867882 0.379062 0.0262692 0.116718 25
0 0.938302 0.426465 0.0416563 0.113086 26
0 0.100359 0.228955 0.0281813 0.0803004 27
0 0.296574 0.393979 0.0296674 0.110062 5
0 0.509172 0.463201 0.0452541 0.115089 30
0 0.835582 0.358305 0.0299367 0.116438 33
