0 0.229103 0.5854 0.0400176 0.139635 2
0 0.0742023 0.392206 0.0325497 0.115294 11
0 0.725488 0.520168 0.0450221 0.136474 18
0 0.313007 0.378826 0.0278734 0.100037 19
0 0.483509 0.383333 0.0345082 0.0874852 23
0 0.384577 0.47756 0.0429446 0.116669 20
0 0.819342 0.377363 0.0288426 0.120151 25
0 0.903429 0.43171 0.0467412 0.119709 26
0 0.0103757 0.235146 0.0163938 0.0757654 27
0 0.241577 0.388553 0.0421945 0.107182 5
0 0.533982 0.437444 0.0347182 0.123655 30
0 0.759289 0.352209 0.024208 0.118103 33
0 0.510147 0.290377 0.0218428 0.0909871 14
