0 0.0299368 0.591876 0.0466525 0.142115 2
0 0.626365 0.489606 0.0482851 0.133915 18
0 0.0516933 0.33884 0.0244108 0.091016 19
0 0.118519 0.418959 0.0524459 0.105835 23
0 0.159693 0.451081 0.0407519 0.117639 20
0 0.602302 0.357596 0.0410561 0.108082 25
0 0.735801 0.420884 0.0409833 0.111078 26
0 0.0165979 0.382766 0.0267551 0.0732931 5
0 0.389604 0.402933 0.0375678 0.116578 30
0 0.546992 0.356999 0.0294568 0.0930998 33
0 0.295544 0.291385 0.0327354 0.0919786 14
0 0.878854 0.5843 0.0443591 0.135441 37
