0 0.486772 0.593745 0.047573 0.117554 2
0 0.462475 0.292557 0.0212674 0.0958715 3
0 0.73031 0.351864 0.0223169 0.0971401 5
0 0.127543 0.449101 0.0252441 0.119363 6
0 0.408461 0.288835 0.016124 0.0855172 8
0 0.311919 0.589117 0.0270194 0.0961681 10
0 0.68263 0.395036 0.0243499 0.0996596 11
0 0.782499 0.593745 0.0373953 0.128726 4
0 0.577933 0.201541 0.0160975 0.0698551 12
0 0.89511 0.260312 0.0242079 0.0791679 14
0 0.305064 0.695291 0.043219 0.14561 15
0 0.58124 0.374277 0.0235696 0.0982789 9
0 0.883671 0.485038 0.0297012 0.118379 18
