0 0.451395 0.584851 0.0556101 0.125962 2
0 0.15675 0.31833 0.0241956 0.109477 3
0 0.540725 0.387875 0.0194756 0.0824256 5
0 0.103026 0.303861 0.0175384 0.0948494 8
0 0.0612868 0.60261 0.0429863 0.132946 10
0 0.474744 0.419207 0.0247956 0.0970692 11
0 0.667146 0.568052 0.0415596 0.123726 4
0 0.324874 0.217605 0.0179912 0.0762128 12
0 0.787289 0.276706 0.0229987 0.0736976 14
0 0.141027 0.719902 0.0452283 0.156604 15
0 0.303744 0.417268 0.0318524 0.115392 9
0 0.746711 0.541975 0.0408072 0.137141 18
0 0.511388 0.518111 0.0360657 0.102167 19
0 0.836903 0.49246 0.0289321 0.0929382 20
