0 0.450994 0.583684 0.0506539 0.120663 2
0 0.178026 0.318788 0.0239824 0.108355 3
0 0.547292 0.38742 0.0290513 0.0862907 5
0 0.123988 0.303967 0.0203185 0.0933557 8
0 0.0734305 0.601479 0.0462595 0.133728 10
0 0.486169 0.417585 0.0311421 0.0948927 11
0 0.680111 0.5783 0.0391417 0.12938 4
0 0.343362 0.217865 0.0160143 0.0764946 12
0 0.793679 0.274734 0.0327856 0.0743157 14
0 0.153103 0.718019 0.0455974 0.162485 15
0 0.323291 0.418439 0.0304705 0.112769 9
0 0.754219 0.541073 0.0389881 0.130471 18
0 0.513388 0.521564 0.0284487 0.100526 19
0 0.855044 0.493636 0.0291148 0.0954969 20
