0 0.201208 0.582612 0.0349847 0.135534 2
0 0.0297527 0.385161 0.0323276 0.116304 11
0 0.730138 0.511235 0.0425604 0.138262 18
0 0.264729 0.367562 0.0233007 0.110045 19
0 0.401572 0.394842 0.0286578 0.106245 23
0 0.346532 0.469583 0.0256195 0.11966 20
0 0.767496 0.375921 0.0408613 0.109021 25
0 0.872214 0.431753 0.0469393 0.116918 26
0 0.201942 0.393951 0.0288774 0.106254 5
0 0.516034 0.423577 0.0451388 0.119867 30
0 0.703808 0.361773 0.0470353 0.100934 33
0 0.466822 0.291194 0.0358478 0.0972999 14
