0 0.537492 0.636802 0.0398167 0.11913 2
0 0.521616 0.281879 0.0163962 0.0929631 3
0 0.790718 0.333912 0.0189457 0.0924651 5
0 0.191017 0.438072 0.019715 0.122096 6
0 0.468793 0.27598 0.0217785 0.0857152 8
0 0.385709 0.625184 0.0313687 0.136098 10
0 0.718518 0.379566 0.0248019 0.109637 11
0 0.814335 0.574823 0.0386278 0.125275 4
0 0.630692 0.187045 0.0172869 0.0760466 12
0 0.927977 0.244341 0.0267913 0.0801001 14
0 0.34961 0.681774 0.0386424 0.137064 15
0 0.656115 0.352094 0.0224461 0.0974923 9
0 0.964234 0.460734 0.0274627 0.113934 18
0 0.495842 0.613572 0.0405506 0.115383 19
