0 0.0767709 0.584029 0.0559574 0.141993 2
0 0.659616 0.491547 0.0393092 0.132013 18
0 0.115384 0.343441 0.0238799 0.093133 19
0 0.193586 0.408917 0.0350291 0.0920507 23
0 0.214472 0.453503 0.0410502 0.113223 20
0 0.650985 0.362866 0.0323662 0.0984795 25
0 0.773379 0.424973 0.0544403 0.110529 26
0 0.0724127 0.397063 0.0248038 0.108651 5
0 0.426704 0.404002 0.0448152 0.113319 30
0 0.586737 0.360039 0.04177 0.0994876 33
0 0.344299 0.291419 0.0391212 0.0933314 14
0 0.951365 0.61256 0.0512826 0.139466 37
