0 0.447429 0.584436 0.0473168 0.0978643 2
0 0.326161 0.310068 0.0217727 0.10218 3
0 0.618517 0.380805 0.025328 0.0835598 5
0 0.270035 0.302151 0.0206545 0.0900506 8
0 0.179014 0.611828 0.0368503 0.131159 10
0 0.592409 0.409301 0.0244919 0.0999382 11
0 0.74325 0.594526 0.0375439 0.138216 4
0 0.465712 0.215286 0.0173986 0.0719764 12
0 0.843247 0.274488 0.0341225 0.0735471 14
0 0.232821 0.71714 0.048291 0.141029 15
0 0.448871 0.404494 0.0256104 0.100355 9
0 0.789678 0.516109 0.0374871 0.124051 18
0 0.509301 0.55099 0.0317759 0.116373 19
