0 0.181092 0.587724 0.0329089 0.14053 2
0 0.0142064 0.381561 0.0247996 0.104533 11
0 0.717997 0.509405 0.0534086 0.132795 18
0 0.241043 0.362187 0.0250958 0.101861 19
0 0.365264 0.398182 0.0275629 0.109319 23
0 0.322805 0.467679 0.0378479 0.122245 20
0 0.750713 0.375348 0.0351921 0.109923 25
0 0.864431 0.43511 0.049935 0.114727 26
0 0.17955 0.393728 0.0309332 0.113176 5
0 0.505897 0.423854 0.0389435 0.118838 30
0 0.682155 0.365334 0.0494127 0.0987412 33
0 0.450958 0.296638 0.0241679 0.0948773 14
