0 0.259142 0.584803 0.0338513 0.130998 2
0 0.107517 0.405563 0.0326823 0.116934 11
0 0.532265 0.29095 0.0341871 0.0956424 14
0 0.700133 0.529742 0.0406491 0.131838 18
0 0.35335 0.39815 0.027831 0.106381 19
0 0.570764 0.384752 0.0347716 0.0988414 23
0 0.41988 0.490072 0.0359225 0.118843 20
0 0.850865 0.380079 0.0275025 0.120553 25
0 0.924358 0.428496 0.0310817 0.114289 26
0 0.0597589 0.232032 0.0299394 0.0854993 27
0 0.274076 0.392265 0.0308204 0.104335 5
0 0.520229 0.448402 0.0473712 0.11834 30
0 0.805996 0.356676 0.0417705 0.110505 33
