0 0.456992 0.586332 0.0345326 0.0995371 2
0 0.284673 0.315797 0.0217488 0.101152 3
0 0.596487 0.383373 0.0289085 0.0799121 5
0 0.230404 0.303318 0.0225149 0.0917135 8
0 0.149777 0.604909 0.0412206 0.138748 10
0 0.56498 0.410961 0.0192814 0.107626 11
0 0.731074 0.591361 0.03013 0.139592 4
0 0.43095 0.217653 0.0157186 0.0734334 12
0 0.834435 0.273024 0.0275068 0.0768753 14
0 0.214905 0.716832 0.0422136 0.154932 15
0 0.414783 0.41156 0.0205343 0.108147 9
0 0.780033 0.527367 0.0369281 0.120135 18
0 0.514593 0.543515 0.0379998 0.104667 19
0 0.953415 0.485323 0.0267059 0.105468 20
