0 0.454538 0.589621 0.0495871 0.0995692 2
0 0.411796 0.30252 0.0208928 0.0972981 3
0 0.683125 0.361411 0.0217294 0.0876837 5
0 0.0794543 0.458001 0.0188815 0.121955 6
0 0.358209 0.297728 0.0167368 0.0877461 8
0 0.254146 0.623599 0.0353706 0.139805 10
0 0.651652 0.402394 0.0197961 0.102991 11
0 0.768857 0.597274 0.0375672 0.127148 4
0 0.534303 0.210981 0.0189385 0.0726585 12
0 0.875472 0.263634 0.0253567 0.0497382 14
0 0.280865 0.700517 0.0450744 0.141004 15
0 0.527232 0.389297 0.0247898 0.0946997 9
0 0.830907 0.503674 0.0363058 0.115696 18
0 0.505566 0.570775 0.0314641 0.101263 19
