0 0.237128 0.587711 0.0351686 0.137079 2
0 0.0821086 0.397615 0.0223915 0.109575 11
0 0.716013 0.521113 0.0494241 0.134147 18
0 0.318341 0.38082 0.035487 0.101822 19
0 0.498365 0.384718 0.0301383 0.0852344 23
0 0.390486 0.484583 0.0382663 0.112108 20
0 0.824553 0.37702 0.0354315 0.121697 25
0 0.906933 0.433054 0.0452691 0.113315 26
0 0.0183022 0.232806 0.0252324 0.0865259 27
0 0.248831 0.392091 0.0328582 0.109436 5
0 0.530389 0.437349 0.0437252 0.119709 30
0 0.767201 0.350911 0.0266209 0.118281 33
0 0.513265 0.293779 0.0252152 0.0973772 14
