0 0.222237 0.580877 0.0480032 0.137145 2
0 0.067599 0.390198 0.033958 0.121131 11
0 0.73162 0.522075 0.0387679 0.138677 18
0 0.304789 0.373356 0.0240129 0.106896 19
0 0.468393 0.381862 0.0310187 0.0901785 23
0 0.380317 0.474259 0.0345532 0.119785 20
0 0.808791 0.375514 0.0326687 0.120544 25
0 0.904296 0.428433 0.0382852 0.126511 26
0 0.238182 0.391153 0.0262487 0.107579 5
0 0.530632 0.429248 0.0384927 0.129662 30
0 0.746086 0.355073 0.034332 0.111358 33
0 0.503598 0.289767 0.0230438 0.0933401 14
