0 0.503928 0.606424 0.0412521 0.12607 2
0 0.490092 0.28684 0.0263838 0.0958687 3
0 0.757582 0.344808 0.0200164 0.0887622 5
0 0.15433 0.444502 0.0262379 0.118422 6
0 0.439858 0.279742 0.018457 0.0870134 8
0 0.345028 0.623814 0.0237927 0.133769 10
0 0.703603 0.387399 0.0220584 0.10804 11
0 0.786293 0.593774 0.0462037 0.124673 4
0 0.603827 0.195807 0.0168429 0.0728225 12
0 0.916879 0.246916 0.0212706 0.0858212 14
0 0.326463 0.690272 0.044838 0.140659 15
0 0.615863 0.364178 0.0221473 0.0951046 9
0 0.918139 0.474498 0.0333512 0.114698 18
0 0.49516 0.595635 0.0338827 0.109611 19
