0 0.454958 0.58944 0.0486028 0.0997593 2
0 0.405082 0.303361 0.0209568 0.098559 3
0 0.677117 0.363226 0.02129 0.0871299 5
0 0.0729208 0.460062 0.0193379 0.12003 6
0 0.351051 0.299418 0.0175602 0.0881461 8
0 0.24741 0.619956 0.0353219 0.132408 10
0 0.64642 0.404421 0.0194306 0.102318 11
0 0.766945 0.597676 0.0397734 0.126344 4
0 0.529366 0.212198 0.0195154 0.0718525 12
0 0.872231 0.266531 0.0272448 0.05758 14
0 0.279511 0.700819 0.0389464 0.142446 15
0 0.52022 0.391241 0.0243455 0.0950304 9
0 0.8251 0.504751 0.037949 0.116164 18
0 0.505922 0.57161 0.0318111 0.103207 19
