0 0.449815 0.587214 0.0285383 0.131553 2
0 0.123621 0.321179 0.0239232 0.106683 3
0 0.524907 0.385546 0.0229006 0.0817255 5
0 0.0694352 0.302266 0.0168763 0.095926 8
0 0.0443266 0.602631 0.0450845 0.136392 10
0 0.449685 0.423358 0.0315844 0.0898546 11
0 0.654715 0.561911 0.0347001 0.123732 4
0 0.295672 0.217967 0.0254956 0.0762123 12
0 0.775696 0.273649 0.0199698 0.078138 14
0 0.125735 0.723321 0.0405133 0.162261 15
0 0.275255 0.416293 0.0276636 0.116739 9
0 0.73988 0.548433 0.0254359 0.132057 18
0 0.512828 0.511977 0.0269129 0.104733 19
0 0.809549 0.493072 0.0295254 0.0942598 20
