0 0.451948 0.583389 0.0574403 0.124374 2
0 0.167335 0.318728 0.0238138 0.108358 3
0 0.544744 0.388374 0.0218926 0.0861418 5
0 0.113412 0.304519 0.0192361 0.0950111 8
0 0.066929 0.600823 0.0454177 0.132394 10
0 0.480515 0.419566 0.0271873 0.0975197 11
0 0.672024 0.572941 0.0433043 0.130648 4
0 0.333723 0.217628 0.0167947 0.0757904 12
0 0.788127 0.276368 0.0283042 0.0698608 14
0 0.146336 0.71724 0.0455468 0.160113 15
0 0.313224 0.418284 0.0307179 0.112627 9
0 0.75033 0.541753 0.0438488 0.134764 18
0 0.514775 0.517566 0.0261684 0.0963469 19
0 0.84585 0.493672 0.029521 0.0942955 20
