0 0.456514 0.595074 0.0490847 0.100769 2
0 0.424721 0.300905 0.0193057 0.0978841 3
0 0.69495 0.35888 0.0208699 0.0911001 5
0 0.0916382 0.455292 0.019108 0.124222 6
0 0.371203 0.296303 0.0166013 0.0869449 8
0 0.267722 0.623852 0.0323955 0.136241 10
0 0.659471 0.39963 0.0198216 0.101626 11
0 0.770535 0.597228 0.0377195 0.129709 4
0 0.545605 0.208701 0.0183502 0.0708633 12
0 0.877282 0.266178 0.030046 0.0618826 14
0 0.283359 0.702871 0.048655 0.140603 15
0 0.540642 0.384036 0.0243246 0.0966808 9
0 0.844143 0.496193 0.0342164 0.123916 18
0 0.503227 0.572396 0.0319745 0.0952688 19
