0 0.450122 0.452208 0.0419547 0.100402 37
0 0.837049 0.385519 0.0289622 0.0858472 42
0 0.420176 0.402842 0.0325871 0.11525 33
0 0.291362 0.482415 0.0304157 0.142069 43
0 0.838137 0.480678 0.0397275 0.15475 18
0 0.253036 0.624992 0.0343404 0.162938 44
0 0.598671 0.460056 0.0303339 0.147114 26
0 0.118877 0.545508 0.0375546 0.141348 45
0 0.327405 0.361869 0.0220742 0.128407 46
0 0.540108 0.457367 0.0444518 0.140963 47
0 0.0738976 0.464317 0.0273718 0.130959 48
0 0.477003 0.471826 0.0296658 0.0704176 49
