0 0.479364 0.594556 0.0452937 0.110678 2
0 0.456198 0.293664 0.0196481 0.096701 3
0 0.724317 0.354293 0.0222531 0.0934181 5
0 0.121124 0.44918 0.0229693 0.118746 6
0 0.402199 0.28967 0.0176537 0.0855311 8
0 0.304893 0.603293 0.0288796 0.123024 10
0 0.677528 0.395821 0.0248459 0.102595 11
0 0.7827 0.596074 0.0329067 0.126869 4
0 0.572621 0.202145 0.0154889 0.069688 12
0 0.890715 0.263247 0.0262017 0.0738804 14
0 0.301127 0.698474 0.0470436 0.14345 15
0 0.574576 0.377132 0.0228076 0.0946481 9
0 0.87888 0.48659 0.0272083 0.120298 18
0 0.504323 0.582742 0.0328557 0.108391 19
