0 0.456064 0.588784 0.0477482 0.100874 2
0 0.397743 0.303428 0.0201681 0.0983194 3
0 0.671237 0.36652 0.0226709 0.0855419 5
0 0.0655283 0.460145 0.0195347 0.121026 6
0 0.343262 0.299837 0.0178776 0.0884705 8
0 0.239186 0.618018 0.0364886 0.131506 10
0 0.642068 0.403531 0.0204893 0.104008 11
0 0.764896 0.597288 0.0412088 0.127829 4
0 0.523455 0.211999 0.0187928 0.0714102 12
0 0.867533 0.270483 0.0305933 0.0665928 14
0 0.278238 0.701032 0.0363918 0.142211 15
0 0.514162 0.393606 0.0233679 0.0969614 9
0 0.820385 0.509516 0.0400949 0.115575 18
0 0.505701 0.56859 0.0324846 0.103943 19
