0 0.458221 0.583209 0.0348289 0.112586 2
0 0.231054 0.317991 0.0217477 0.105826 3
0 0.571828 0.388926 0.0281508 0.0853691 5
0 0.176296 0.303401 0.0200654 0.0938876 8
0 0.112469 0.607443 0.0346804 0.136183 10
0 0.523185 0.418606 0.0342033 0.102387 11
0 0.713325 0.588052 0.0388833 0.135592 4
0 0.385546 0.219744 0.0200848 0.0714559 12
0 0.820589 0.275828 0.0188729 0.0806512 14
0 0.187897 0.71792 0.0300916 0.146494 15
0 0.369483 0.414662 0.0226024 0.11154 9
0 0.768176 0.531912 0.0293046 0.128625 18
0 0.514889 0.538507 0.0350375 0.105667 19
0 0.902306 0.49219 0.0277336 0.0998869 20
