0 0.463529 0.596966 0.0448126 0.102045 2
0 0.437565 0.297804 0.0181994 0.0978763 3
0 0.706545 0.357363 0.0217163 0.0919417 5
0 0.10342 0.451446 0.0203211 0.123318 6
0 0.383313 0.293353 0.0190536 0.0865554 8
0 0.280867 0.620616 0.0322905 0.136236 10
0 0.667017 0.397791 0.0217577 0.103107 11
0 0.776836 0.597369 0.0342923 0.128031 4
0 0.556722 0.205056 0.0178698 0.0711051 12
0 0.879463 0.266907 0.0316072 0.0676645 14
0 0.289043 0.701408 0.0497122 0.142463 15
0 0.553449 0.380619 0.0241231 0.0955983 9
0 0.858752 0.490467 0.0281056 0.121044 18
0 0.499939 0.578196 0.0327813 0.106259 19
