0 0.500172 0.602687 0.0416891 0.126612 2
0 0.484898 0.288536 0.0253405 0.0959604 3
0 0.752348 0.345494 0.0204435 0.0902992 5
0 0.149716 0.446349 0.0267168 0.11857 6
0 0.433308 0.281955 0.017502 0.0879325 8
0 0.339287 0.605479 0.0245967 0.108545 10
0 0.699429 0.389479 0.0228029 0.107051 11
0 0.78297 0.59482 0.0488188 0.126843 4
0 0.598884 0.198381 0.0168723 0.0728035 12
0 0.913562 0.248618 0.0202648 0.0858105 14
0 0.321053 0.689631 0.041494 0.14432 15
0 0.610322 0.364632 0.0204909 0.0948123 9
0 0.908517 0.476675 0.0366572 0.114575 18
