0 0.459733 0.596773 0.0465889 0.100228 2
0 0.431052 0.298748 0.0182239 0.0984226 3
0 0.700835 0.357266 0.0218212 0.0929897 5
0 0.0975495 0.453562 0.0192591 0.123771 6
0 0.377492 0.294875 0.0179688 0.0861077 8
0 0.274157 0.623354 0.0315832 0.136911 10
0 0.663516 0.398362 0.0212419 0.102574 11
0 0.772877 0.597417 0.0371584 0.128995 4
0 0.551106 0.206703 0.0182893 0.0712575 12
0 0.876553 0.267259 0.0346765 0.0651558 14
0 0.286212 0.701907 0.0488371 0.141057 15
0 0.547327 0.381286 0.0235038 0.0949384 9
0 0.851451 0.492935 0.0306101 0.122354 18
0 0.501698 0.575415 0.0327861 0.101649 19
