0 0.497039 0.600199 0.0406426 0.126313 2
0 0.479672 0.289818 0.0253626 0.0950514 3
0 0.747048 0.346708 0.0199248 0.0923641 5
0 0.144536 0.447218 0.0265247 0.11852 6
0 0.427462 0.28386 0.0162199 0.0877814 8
0 0.332405 0.601779 0.0295517 0.109549 10
0 0.695427 0.391936 0.0234087 0.105037 11
0 0.782203 0.595631 0.0481772 0.131578 4
0 0.594028 0.199264 0.0169651 0.0723528 12
0 0.90939 0.252529 0.0197408 0.0854722 14
0 0.317353 0.692642 0.0379731 0.137519 15
0 0.603021 0.36664 0.0210301 0.0953909 9
0 0.900729 0.479105 0.0376651 0.112652 18
