0 0.493533 0.598462 0.0398301 0.123891 2
0 0.4744 0.291099 0.0235523 0.094165 3
0 0.741628 0.348929 0.0211599 0.094093 5
0 0.139264 0.448198 0.0262985 0.119364 6
0 0.421281 0.28719 0.0150957 0.0875346 8
0 0.325954 0.589096 0.0267332 0.0883811 10
0 0.690947 0.393923 0.0251005 0.106517 11
0 0.782411 0.595918 0.0447507 0.1329 4
0 0.589137 0.200285 0.0161494 0.0716048 12
0 0.905045 0.254382 0.0199115 0.0847787 14
0 0.312952 0.693627 0.0375073 0.143606 15
0 0.595111 0.369032 0.0229926 0.0981075 9
0 0.894361 0.480281 0.0357846 0.112245 18
