0 0.453232 0.580446 0.0488324 0.10511 2
0 0.259618 0.318534 0.0205595 0.100387 3
0 0.582144 0.386222 0.038334 0.0841169 5
0 0.205456 0.303277 0.022513 0.0927716 8
0 0.133428 0.601857 0.0350999 0.130586 10
0 0.546293 0.416368 0.0271099 0.10368 11
0 0.725687 0.590546 0.0362245 0.136971 4
0 0.409496 0.220181 0.01853 0.071062 12
0 0.830265 0.274796 0.0236307 0.0844558 14
0 0.199099 0.714761 0.0453221 0.152365 15
0 0.393348 0.415167 0.0208417 0.110385 9
0 0.77117 0.531527 0.0436816 0.127771 18
0 0.51368 0.538846 0.0463244 0.101701 19
0 0.928543 0.488093 0.0268909 0.108247 20
