0 0.517491 0.61948 0.0400927 0.128092 2
0 0.50472 0.282803 0.0227989 0.0965528 3
0 0.772211 0.339461 0.0229054 0.0928661 5
0 0.170835 0.439825 0.0216379 0.120064 6
0 0.454875 0.277495 0.0204995 0.0877624 8
0 0.364687 0.631785 0.0260931 0.13381 10
0 0.712881 0.383217 0.0214409 0.106099 11
0 0.798213 0.585532 0.0415135 0.120776 4
0 0.617425 0.191375 0.0165772 0.0718169 12
0 0.922114 0.246097 0.0297694 0.0820951 14
0 0.336184 0.689682 0.0447606 0.135814 15
0 0.6346 0.359232 0.0254589 0.0914257 9
0 0.939685 0.466183 0.0329591 0.115526 18
0 0.494819 0.601584 0.0298188 0.108366 19
