0 0.449583 0.585411 0.0422019 0.0977359 2
0 0.334249 0.31113 0.0213935 0.103314 3
0 0.624176 0.379358 0.0239977 0.0812095 5
0 0.0112631 0.47123 0.0225262 0.119881 6
0 0.278872 0.302363 0.0201531 0.0888093 8
0 0.185834 0.611187 0.0366719 0.130011 10
0 0.596819 0.409955 0.0281016 0.101537 11
0 0.746637 0.594736 0.0436492 0.136695 4
0 0.472181 0.215134 0.0174776 0.072432 12
0 0.846903 0.274724 0.0303133 0.0725195 14
0 0.236632 0.715226 0.0506533 0.143263 15
0 0.45618 0.401802 0.024595 0.103966 9
0 0.792473 0.513566 0.0379489 0.11618 18
0 0.507167 0.551499 0.0308917 0.114505 19
