0 0.23915 0.586795 0.0342267 0.135281 2
0 0.0834878 0.398141 0.0264027 0.111579 11
0 0.715915 0.522164 0.0417814 0.136592 18
0 0.322764 0.381821 0.0324451 0.10226 19
0 0.50716 0.383269 0.0295218 0.0864165 23
0 0.394105 0.485659 0.03426 0.111712 20
0 0.826906 0.376835 0.0345558 0.122765 25
0 0.909233 0.43402 0.0393637 0.112384 26
0 0.0222953 0.231111 0.0289781 0.0797837 27
0 0.253438 0.39275 0.0291085 0.109555 5
0 0.526908 0.434641 0.0508378 0.114354 30
0 0.770401 0.352248 0.0290321 0.117663 33
0 0.514328 0.293718 0.0289173 0.0992139 14
