0 0.20978 0.582028 0.044573 0.140147 2
0 0.0457344 0.384834 0.0388414 0.121241 11
0 0.73691 0.511608 0.0312958 0.13615 18
0 0.285272 0.366462 0.0227827 0.103229 19
0 0.434775 0.387988 0.0341645 0.0949703 23
0 0.362059 0.459211 0.030753 0.109434 20
0 0.788075 0.377037 0.0334485 0.112513 25
0 0.889452 0.43046 0.0323681 0.119858 26
0 0.217079 0.388216 0.0406648 0.112734 5
0 0.532893 0.429222 0.0352342 0.125179 30
0 0.719326 0.356429 0.0412508 0.0992687 33
0 0.484201 0.291998 0.0265505 0.0914745 14
