0 0.291381 0.583202 0.0440143 0.140697 2
0 0.136642 0.40614 0.0384938 0.119681 11
0 0.554214 0.290805 0.0291649 0.0931503 14
0 0.676784 0.533218 0.0373406 0.131973 18
0 0.388495 0.4254 0.0221684 0.111164 19
0 0.670888 0.383092 0.0276204 0.0972054 23
0 0.454683 0.494104 0.024597 0.123807 20
0 0.867917 0.378336 0.0256793 0.114588 25
0 0.936624 0.424923 0.0395666 0.115941 26
0 0.11135 0.225932 0.0220003 0.0776858 27
0 0.297693 0.393822 0.0299527 0.106018 5
0 0.507928 0.468842 0.0341305 0.123187 30
