0 0.285593 0.586656 0.0426278 0.138609 2
0 0.131192 0.406217 0.0285528 0.113352 11
0 0.550839 0.293529 0.0358454 0.0945831 14
0 0.684384 0.536255 0.0361699 0.132465 18
0 0.379026 0.417309 0.0279558 0.114992 19
0 0.646149 0.383576 0.0322379 0.101701 23
0 0.444079 0.49578 0.0321874 0.1214 20
0 0.866718 0.379951 0.0310801 0.118508 25
0 0.939762 0.42643 0.0414597 0.111102 26
0 0.0956912 0.229979 0.0316882 0.0806658 27
0 0.293297 0.393463 0.0313843 0.109655 5
0 0.510812 0.46393 0.0504298 0.112393 30
0 0.833662 0.356036 0.0260152 0.116335 33
