0 0.46086 0.582277 0.0355731 0.109878 2
0 0.240815 0.318158 0.0211602 0.105101 3
0 0.579 0.388041 0.027715 0.0858867 5
0 0.186062 0.302748 0.0210555 0.0929345 8
0 0.120028 0.60608 0.0316185 0.132102 10
0 0.532004 0.417579 0.0320722 0.103675 11
0 0.719779 0.589828 0.038579 0.138028 4
0 0.393554 0.220135 0.0213564 0.0720271 12
0 0.823341 0.276989 0.0224804 0.083837 14
0 0.190168 0.720738 0.036901 0.144395 15
0 0.37769 0.415596 0.0218287 0.110016 9
0 0.769823 0.531633 0.0344074 0.128795 18
0 0.514941 0.538941 0.0308463 0.103318 19
0 0.911058 0.490942 0.0263892 0.101593 20
