0 0.0742375 0.585378 0.0393631 0.140547 2
0 0.651377 0.48936 0.0449966 0.135295 18
0 0.10265 0.3406 0.0246932 0.0862187 19
0 0.176162 0.416022 0.0402837 0.0972351 23
0 0.205066 0.456606 0.03429 0.110401 20
0 0.642798 0.364086 0.0276337 0.103779 25
0 0.766122 0.424324 0.0509659 0.110741 26
0 0.0614949 0.394026 0.0249907 0.101063 5
0 0.418633 0.402398 0.0493058 0.11225 30
0 0.576564 0.359502 0.0464705 0.100847 33
0 0.335998 0.291584 0.0355957 0.0946547 14
0 0.940696 0.608672 0.0539638 0.137147 37
