0 0.455614 0.585552 0.040094 0.100448 2
0 0.276752 0.316165 0.0213654 0.100596 3
0 0.591066 0.385499 0.0338986 0.0811868 5
0 0.221802 0.303117 0.0220813 0.0923604 8
0 0.14434 0.602988 0.040621 0.136476 10
0 0.558595 0.413076 0.0210647 0.106381 11
0 0.728865 0.590411 0.0299876 0.137536 4
0 0.424063 0.218981 0.0167641 0.0723305 12
0 0.83073 0.274553 0.030993 0.080549 14
0 0.209298 0.716209 0.044147 0.153387 15
0 0.408031 0.412627 0.0212315 0.110214 9
0 0.776774 0.529249 0.0410709 0.121692 18
0 0.511549 0.54291 0.0399077 0.105132 19
0 0.944806 0.488489 0.0255871 0.104977 20
