0 0.296606 0.583599 0.0469036 0.140615 2
0 0.140707 0.408512 0.0361305 0.118443 11
0 0.556729 0.290799 0.0246507 0.0930074 14
0 0.668615 0.533462 0.0522069 0.131969 18
0 0.39026 0.425964 0.0232162 0.111074 19
0 0.679337 0.379732 0.0228421 0.0956084 23
0 0.457655 0.493851 0.0264658 0.125666 20
0 0.868552 0.376689 0.0262641 0.111843 25
0 0.936832 0.424682 0.039411 0.116909 26
0 0.113763 0.225353 0.0235723 0.0765417 27
0 0.301289 0.393099 0.0285457 0.104186 5
0 0.508647 0.468345 0.0277346 0.121164 30
