0 0.582018 0.642238 0.0397581 0.127044 2
0 0.53765 0.279283 0.0270311 0.0954071 3
0 0.809958 0.326416 0.0197029 0.0939233 5
0 0.206782 0.441508 0.0362973 0.114801 6
0 0.485169 0.271304 0.0164552 0.0843586 8
0 0.422345 0.634216 0.0389223 0.136161 10
0 0.718257 0.375457 0.024082 0.10683 11
0 0.837252 0.562775 0.0447315 0.127087 4
0 0.640071 0.185012 0.0159799 0.0718635 12
0 0.931369 0.234016 0.0200841 0.0858625 14
0 0.370468 0.668968 0.0388477 0.147817 15
0 0.685617 0.344571 0.0228022 0.0954516 9
