0 0.282861 0.586217 0.040307 0.144171 2
0 0.128111 0.410293 0.0258997 0.117215 11
0 0.548816 0.295465 0.0259869 0.0914536 14
0 0.685817 0.531867 0.0524603 0.128 18
0 0.372968 0.409842 0.0304557 0.101534 19
0 0.623312 0.379831 0.0339095 0.109016 23
0 0.435758 0.495262 0.0394267 0.118118 20
0 0.863785 0.379554 0.0398864 0.118835 25
0 0.933192 0.42679 0.0457427 0.113181 26
0 0.0874342 0.230067 0.0322554 0.0794653 27
0 0.286741 0.390642 0.036183 0.107092 5
0 0.519616 0.46448 0.0363399 0.11673 30
0 0.826187 0.354323 0.0260889 0.118248 33
