0 0.456951 0.582473 0.0398086 0.0973715 2
0 0.367193 0.307873 0.0209191 0.104045 3
0 0.645992 0.373958 0.0236637 0.0776801 5
0 0.0342118 0.46584 0.0277123 0.123079 6
0 0.311438 0.301578 0.0193248 0.0881692 8
0 0.210575 0.614724 0.0384215 0.139522 10
0 0.62036 0.41014 0.030761 0.104038 11
0 0.757217 0.596591 0.0472729 0.127583 4
0 0.498499 0.212744 0.0195517 0.0719554 12
0 0.85764 0.27727 0.0257703 0.0675561 14
0 0.257547 0.708862 0.0400978 0.146759 15
0 0.486183 0.395746 0.0215916 0.101632 9
0 0.805024 0.513057 0.0445143 0.114214 18
0 0.508633 0.55809 0.0272141 0.112564 19
