0 0.439548 0.585701 0.0365939 0.132374 2
0 0.0537604 0.320866 0.0266013 0.115192 3
0 0.494147 0.386636 0.0211444 0.0857922 5
0 0.00802061 0.302149 0.0160412 0.0958106 8
0 0.00992284 0.599682 0.0198457 0.135193 10
0 0.408317 0.422684 0.0251023 0.09131 11
0 0.622006 0.544678 0.0300153 0.129186 4
0 0.237017 0.21212 0.0197321 0.0726566 12
0 0.744031 0.275886 0.0197575 0.0829562 14
0 0.0797789 0.721313 0.0422417 0.15654 15
0 0.220537 0.41948 0.0247739 0.116261 9
0 0.72195 0.549064 0.0354552 0.137728 18
0 0.508641 0.504327 0.0266811 0.0972643 19
0 0.751779 0.495105 0.0277467 0.0862238 20
