0 0.0957039 0.584865 0.0502717 0.141407 2
0 0.67353 0.49764 0.0327505 0.130213 18
0 0.138176 0.348528 0.0249814 0.0988162 19
0 0.220451 0.405504 0.029392 0.0917875 23
0 0.234041 0.456089 0.0431455 0.109502 20
0 0.66563 0.36666 0.0420508 0.102749 25
0 0.790459 0.427852 0.0458846 0.114614 26
0 0.0905619 0.394968 0.0328955 0.107117 5
0 0.444108 0.412562 0.0354861 0.118254 30
0 0.607512 0.360757 0.0315632 0.100323 33
0 0.364322 0.292054 0.0326238 0.0918542 14
0 0.970061 0.617755 0.0456591 0.14681 37
