0 0.456827 0.581382 0.0336388 0.117152 2
0 0.20967 0.318406 0.0215083 0.105071 3
0 0.5597 0.390188 0.0335262 0.0907408 5
0 0.155894 0.302645 0.0202293 0.0942853 8
0 0.0958406 0.606129 0.0405269 0.141881 10
0 0.506298 0.418442 0.0351826 0.0993861 11
0 0.703221 0.582566 0.032932 0.133305 4
0 0.368471 0.219246 0.0198841 0.0735288 12
0 0.809428 0.275033 0.0268016 0.0791033 14
0 0.17429 0.719518 0.0356989 0.153869 15
0 0.351499 0.414872 0.0254714 0.114105 9
0 0.763679 0.542484 0.0225925 0.127727 18
0 0.513525 0.526612 0.0413463 0.10588 19
0 0.883526 0.493449 0.028341 0.0950613 20
