0 0.23326 0.586067 0.0378945 0.138523 2
0 0.0793291 0.395096 0.0249744 0.109765 11
0 0.717375 0.519462 0.0566446 0.134212 18
0 0.315493 0.378316 0.0321601 0.0983354 19
0 0.490616 0.385995 0.0322497 0.0865419 23
0 0.387271 0.480633 0.0431212 0.112141 20
0 0.821278 0.376423 0.0322399 0.120087 25
0 0.904228 0.432339 0.0467046 0.117568 26
0 0.0143281 0.23409 0.02118 0.082022 27
0 0.244848 0.390286 0.0378068 0.10917 5
0 0.53257 0.437917 0.0351037 0.122387 30
0 0.763685 0.351181 0.0251898 0.11847 33
0 0.511635 0.295848 0.0227917 0.101352 14
