0 0.285075 0.587573 0.0399358 0.140693 2
0 0.130362 0.409336 0.0246707 0.114442 11
0 0.551272 0.294584 0.0262666 0.0933371 14
0 0.685458 0.533625 0.0441933 0.129967 18
0 0.37596 0.412811 0.0281959 0.108337 19
0 0.633271 0.382384 0.0354216 0.106347 23
0 0.439875 0.495262 0.0360246 0.118996 20
0 0.864699 0.379788 0.0361532 0.119045 25
0 0.936893 0.425396 0.0394734 0.108363 26
0 0.0916626 0.229544 0.0324825 0.0793722 27
0 0.290005 0.392131 0.0327955 0.109684 5
0 0.512305 0.46407 0.0492587 0.116188 30
0 0.830281 0.355321 0.0244285 0.11589 33
