0 0.0423373 0.592916 0.0420233 0.137588 2
0 0.629952 0.489088 0.0531357 0.13501 18
0 0.0646542 0.339275 0.024592 0.0932124 19
0 0.132103 0.417795 0.0505994 0.104826 23
0 0.171999 0.452429 0.037257 0.117761 20
0 0.610905 0.360294 0.0374152 0.107857 25
0 0.745309 0.42186 0.0371485 0.110043 26
0 0.0275456 0.38176 0.026133 0.0688839 5
0 0.399211 0.40346 0.0377388 0.115749 30
0 0.555922 0.35625 0.0347558 0.0933671 33
0 0.307728 0.293542 0.0289308 0.0924458 14
0 0.896575 0.59036 0.0504232 0.134122 37
