0 0.417204 0.590417 0.0296482 0.13693 2
0 0.444475 0.387779 0.0216436 0.0997652 5
0 0.34298 0.417047 0.0249555 0.1037 11
0 0.562447 0.511864 0.0420157 0.108678 4
0 0.139719 0.211222 0.0258975 0.0777367 12
0 0.693821 0.275638 0.0275847 0.0876291 14
0 0.0152663 0.730385 0.0305326 0.164026 15
0 0.126678 0.422711 0.020423 0.118043 9
0 0.696782 0.553274 0.0552586 0.137624 18
0 0.502671 0.499301 0.0343196 0.103686 19
0 0.943708 0.399626 0.0357201 0.106723 23
0 0.667174 0.492275 0.0269268 0.0895774 20
