0 0.452031 0.582002 0.0407273 0.0964955 2
0 0.309395 0.313318 0.0220674 0.101064 3
0 0.610113 0.382203 0.0250426 0.0855954 5
0 0.254452 0.302518 0.0215156 0.0897832 8
0 0.16686 0.611963 0.0382025 0.133426 10
0 0.58115 0.410196 0.0203213 0.102932 11
0 0.737936 0.592294 0.0340525 0.138261 4
0 0.452503 0.215217 0.0164123 0.0713252 12
0 0.842506 0.276861 0.0257404 0.0745679 14
0 0.228194 0.717541 0.0403615 0.143356 15
0 0.435779 0.407112 0.0239917 0.102953 9
0 0.78639 0.523107 0.0336176 0.126039 18
0 0.509706 0.543987 0.0347158 0.109153 19
