0 0.0677524 0.58884 0.0338006 0.141176 2
0 0.644507 0.488253 0.0529479 0.139648 18
0 0.0904366 0.34296 0.0250739 0.0986728 19
0 0.160906 0.416796 0.0442391 0.100232 23
0 0.195755 0.456639 0.0301193 0.111746 20
0 0.631127 0.363818 0.0306271 0.105655 25
0 0.764724 0.425238 0.0343223 0.110598 26
0 0.0500827 0.391157 0.0267709 0.0933355 5
0 0.410943 0.402016 0.0482744 0.113726 30
0 0.567543 0.358251 0.0524208 0.098063 33
0 0.326476 0.292273 0.032191 0.0946701 14
0 0.928076 0.604641 0.0552456 0.133086 37
