0 0.204225 0.581658 0.0498072 0.137677 2
0 0.039975 0.38398 0.0416237 0.117617 11
0 0.736493 0.512657 0.0294322 0.13863 18
0 0.279033 0.367496 0.0230295 0.107316 19
0 0.424798 0.390215 0.0336529 0.0989891 23
0 0.355681 0.463782 0.0318721 0.109909 20
0 0.780355 0.378101 0.0391499 0.111246 25
0 0.883428 0.430662 0.0379345 0.122004 26
0 0.21029 0.387772 0.0409449 0.111176 5
0 0.527557 0.42791 0.0362789 0.125656 30
0 0.716161 0.357841 0.0399984 0.0976547 33
0 0.478483 0.290806 0.0300996 0.0932787 14
