0 0.447147 0.450145 0.0484147 0.106412 37
0 0.838683 0.389878 0.0302394 0.0763083 42
0 0.417084 0.394763 0.0285823 0.101913 33
0 0.294223 0.480849 0.0309276 0.138411 43
0 0.838249 0.480917 0.0411156 0.156073 18
0 0.25767 0.623944 0.039463 0.163643 44
0 0.599348 0.460116 0.0338315 0.148008 26
0 0.123475 0.541764 0.0421766 0.144817 45
0 0.322948 0.36162 0.0233459 0.127364 46
0 0.536961 0.456065 0.0474661 0.142316 47
0 0.0744674 0.463112 0.0265701 0.134263 48
0 0.473075 0.474257 0.0330988 0.0631323 49
