0 0.45418 0.582281 0.0445819 0.1019 2
0 0.26838 0.316816 0.0217343 0.100743 3
0 0.586473 0.385881 0.0364285 0.0826756 5
0 0.214314 0.30286 0.0235548 0.0947599 8
0 0.138842 0.602081 0.0391424 0.135342 10
0 0.552606 0.415076 0.0241005 0.105981 11
0 0.726852 0.590149 0.03143 0.136412 4
0 0.417114 0.219415 0.0179997 0.0733175 12
0 0.829507 0.274777 0.0292849 0.0826169 14
0 0.204373 0.71442 0.0458696 0.156248 15
0 0.400951 0.414351 0.0209863 0.110787 9
0 0.773417 0.531061 0.0450643 0.124645 18
0 0.511277 0.541541 0.042208 0.103862 19
0 0.936904 0.487968 0.0252287 0.106239 20
