0 0.242538 0.583173 0.0464162 0.133005 2
0 0.0931389 0.401263 0.0368563 0.120201 11
0 0.707293 0.52348 0.0456375 0.13851 18
0 0.33963 0.39115 0.0225434 0.10277 19
0 0.538553 0.375813 0.0262996 0.0759172 23
0 0.40449 0.483211 0.0348999 0.119852 20
0 0.838468 0.379116 0.0285049 0.114844 25
0 0.91501 0.434452 0.0333309 0.115463 26
0 0.043204 0.231278 0.0237681 0.0814004 27
0 0.264495 0.390598 0.0302576 0.104599 5
0 0.527217 0.452361 0.0311459 0.121182 30
0 0.780079 0.358544 0.0445939 0.112934 33
0 0.525627 0.291462 0.0237674 0.0946554 14
