0 0.446809 0.586215 0.0337469 0.133807 2
0 0.112288 0.321158 0.0247596 0.108741 3
0 0.517158 0.386827 0.0277851 0.0877975 5
0 0.0582388 0.303478 0.0174437 0.0961981 8
0 0.0364262 0.600825 0.0477008 0.138479 10
0 0.442049 0.428948 0.0337922 0.0796157 11
0 0.647381 0.561467 0.0370925 0.123579 4
0 0.286247 0.218051 0.0270322 0.075158 12
0 0.771394 0.275288 0.0205486 0.0826978 14
0 0.116753 0.723199 0.0418312 0.165712 15
0 0.266848 0.415605 0.0243231 0.116153 9
0 0.73565 0.550605 0.0321785 0.130654 18
0 0.512658 0.510559 0.0225573 0.105739 19
0 0.800004 0.493389 0.0285016 0.0956694 20
