0 0.226768 0.582347 0.0255611 0.135167 2
0 0.0628444 0.391354 0.0278145 0.122972 11
0 0.730627 0.516746 0.0438653 0.140855 18
0 0.299531 0.365846 0.0247638 0.100428 19
0 0.460553 0.385271 0.0296978 0.0974952 23
0 0.375699 0.47254 0.0352803 0.127613 20
0 0.803374 0.375108 0.0331849 0.120665 25
0 0.89847 0.427453 0.0429596 0.127258 26
0 0.233227 0.389931 0.0280746 0.112342 5
0 0.53012 0.424974 0.0467702 0.123117 30
0 0.735745 0.3551 0.0446447 0.108756 33
0 0.502328 0.291637 0.0190361 0.0931537 14
