0 0.453354 0.584457 0.0544477 0.0978721 2
0 0.382786 0.304956 0.0192488 0.0990937 3
0 0.658306 0.368869 0.0243052 0.0882702 5
0 0.0504973 0.461725 0.0219745 0.120832 6
0 0.327835 0.300743 0.0180017 0.0875458 8
0 0.224548 0.617145 0.0367651 0.133429 10
0 0.632083 0.407647 0.0265882 0.101356 11
0 0.758405 0.597124 0.0440451 0.13061 4
0 0.511157 0.212283 0.0191008 0.0724987 12
0 0.861683 0.274528 0.0313175 0.0723464 14
0 0.26849 0.704928 0.0348327 0.144411 15
0 0.500124 0.394219 0.0225552 0.0979975 9
0 0.812082 0.512099 0.0494645 0.119376 18
0 0.507437 0.558039 0.0291136 0.103661 19
