0 0.458468 0.582198 0.03083 0.114083 2
0 0.220787 0.317999 0.0213408 0.10608 3
0 0.56623 0.389387 0.0290942 0.08699 5
0 0.165759 0.303336 0.0187764 0.0928605 8
0 0.103663 0.607287 0.0367485 0.139723 10
0 0.515404 0.418092 0.033918 0.0997015 11
0 0.708378 0.585328 0.0371768 0.135652 4
0 0.377193 0.219758 0.0204802 0.074014 12
0 0.815845 0.274761 0.0219634 0.0793116 14
0 0.181323 0.723576 0.0322599 0.141517 15
0 0.360979 0.415111 0.0230876 0.111715 9
0 0.76638 0.536154 0.0266049 0.129983 18
0 0.514652 0.532814 0.0374414 0.104385 19
0 0.892455 0.492982 0.0276562 0.0970029 20
