0 0.219723 0.584359 0.0354849 0.13591 2
0 0.0564171 0.390255 0.0314796 0.123259 11
0 0.731039 0.512734 0.0534783 0.138533 18
0 0.29184 0.360198 0.0224131 0.0933711 19
0 0.45234 0.386105 0.0380716 0.0944593 23
0 0.367752 0.467338 0.0374417 0.125174 20
0 0.799938 0.376816 0.0251358 0.111013 25
0 0.896019 0.428584 0.0382527 0.122469 26
0 0.224775 0.387466 0.0330372 0.114333 5
0 0.533944 0.428156 0.0313021 0.123775 30
0 0.725206 0.355627 0.0456296 0.106573 33
0 0.493043 0.293553 0.022128 0.0912463 14
